target
Basilika Mariatrost
Schloss Eggenberg
Murpark
